metrics[60]{date,views,clicks,conversions,revenue,bounceRate}:
  2025-01-01,7646,392,26,7556.89,0.36
  2025-01-02,5584,113,12,734.81,0.31
  2025-01-03,7927,323,39,3066.49,0.57
  2025-01-04,2672,96,7,812.11,0.47
  2025-01-05,5017,113,12,3003.07,0.52
  2025-01-06,5983,301,37,7806.64,0.7
  2025-01-07,4874,336,39,7879.38,0.61
  2025-01-08,5085,193,16,3201.57,0.41
  2025-01-09,4773,152,19,3269.87,0.33
  2025-01-10,7464,278,20,4973.44,0.32
  2025-01-11,3865,268,39,3211.71,0.67
  2025-01-12,5974,288,39,6059.91,0.52
  2025-01-13,5611,220,23,3450.66,0.5
  2025-01-14,6272,341,18,2020.03,0.32
  2025-01-15,7542,243,27,3319.7,0.5
  2025-01-16,7048,483,42,7939.91,0.49
  2025-01-17,4561,357,44,4030.53,0.38
  2025-01-18,3721,283,41,12098.32,0.58
  2025-01-19,4045,182,17,3014.48,0.6
  2025-01-20,6274,452,33,5483.75,0.59
  2025-01-21,6806,208,25,5095.22,0.59
  2025-01-22,7684,303,21,1603.05,0.6
  2025-01-23,5207,214,15,4301.6,0.6
  2025-01-24,4799,135,18,4758.2,0.48
  2025-01-25,5993,148,14,3817.59,0.63
  2025-01-26,3301,97,7,634.44,0.6
  2025-01-27,6905,381,37,5294.59,0.64
  2025-01-28,6011,234,34,7185.84,0.69
  2025-01-29,5620,298,31,1662.36,0.5
  2025-01-30,7039,283,38,3444.52,0.4
  2025-01-31,4543,176,10,818.45,0.45
  2025-02-01,3041,161,15,3869.87,0.41
  2025-02-02,3228,198,23,3606.18,0.42
  2025-02-03,6193,248,20,1282.45,0.63
  2025-02-04,6659,299,23,6400.15,0.35
  2025-02-05,4789,184,21,1060.15,0.41
  2025-02-06,7206,504,47,12544.25,0.43
  2025-02-07,6857,416,27,2226.07,0.32
  2025-02-08,3455,230,22,4246.11,0.35
  2025-02-09,4511,211,26,2290.2,0.31
  2025-02-10,7888,546,72,6215.21,0.58
  2025-02-11,4733,324,25,1257.44,0.64
  2025-02-12,5430,405,56,11811.34,0.43
  2025-02-13,4329,317,25,6000.69,0.55
  2025-02-14,6083,310,36,6624.98,0.45
  2025-02-15,4946,211,15,4380.37,0.58
  2025-02-16,3888,176,26,6921.14,0.68
  2025-02-17,7519,565,32,2961.59,0.42
  2025-02-18,5294,414,53,4966.36,0.5
  2025-02-19,5618,382,19,4540.61,0.36
  2025-02-20,6421,197,13,1929.78,0.65
  2025-02-21,5104,323,46,13251.3,0.36
  2025-02-22,4685,186,20,1074.77,0.31
  2025-02-23,4212,284,17,2079.87,0.32
  2025-02-24,5851,332,32,4235.83,0.69
  2025-02-25,4011,248,15,4338.97,0.51
  2025-02-26,4630,273,41,5912.13,0.35
  2025-02-27,4773,127,14,1754.07,0.37
  2025-02-28,5480,158,22,3796.3,0.55
  2025-03-01,3608,176,13,2986.19,0.6